codes <- c(380, 124, 818)
country <- c(italy=1, germany=2, france=3)